Filename_	QC_passed_reads	QC_failed	primary	secondary	duplicates	mapped	not_mapped	primary_mapping	properly_paired	mate_mapped	singleton	Species	Run	PCT_mapped_reads
Amaryllis_belladonna_ERR2040723	24565338	0	14672834	9892504	0	24565338	0	14672834	14672834	14672834	0	Amaryllis_belladonna	ERR2040723	100
Clivia_miniata_SRR18286845	99596274	0	41151696	58444578	0	99596274	0	41151696	41151696	41151696	0	Clivia_miniata	SRR18286845	100
Clivia_miniata_SRR29002427	308774842	0	101859528	206915314	0	308774842	0	101859528	101859528	101859528	0	Clivia_miniata	SRR29002427	100
Clivia_miniata_SRR7503212	277473244	0	59955570	217517674	0	277473244	0	59955570	59955570	59955570	0	Clivia_miniata	SRR7503212	100
Clivia_miniata_SRR7503213	454065000	0	49842190	404222810	0	454065000	0	49842190	49842190	49842190	0	Clivia_miniata	SRR7503213	100
Clivia_miniata_SRR7503214	269848974	0	65507196	204341778	0	269848974	0	65507196	65507196	65507196	0	Clivia_miniata	SRR7503214	100
Clivia_miniata_SRR7503215	285398980	0	83593534	201805446	0	285398980	0	83593534	83593534	83593534	0	Clivia_miniata	SRR7503215	100
Crinum_asiaticum_SRR29002425	127142564	0	46998392	80144172	0	127142564	0	46998392	46998392	46998392	0	Crinum_asiaticum	SRR29002425	100
Crinum_asiaticum_SRR29002426	229663644	0	89011498	140652146	0	229663644	0	89011498	89011498	89011498	0	Crinum_asiaticum	SRR29002426	100
Crinum_powellii_SRR24324993	269917850	0	91192812	178725038	0	269917850	0	91192812	91192812	91192812	0	Crinum_powellii	SRR24324993	100
Crinum_powellii_SRR24324994	269800894	0	91832402	177968492	0	269800894	0	91832402	91832402	91832402	0	Crinum_powellii	SRR24324994	100
Crinum_powellii_SRR24324995	539119986	0	164425932	374694054	0	539119986	0	164425932	164425932	164425932	0	Crinum_powellii	SRR24324995	100
Crinum_powellii_SRR24324996	299068590	0	93553538	205515052	0	299068590	0	93553538	93553538	93553538	0	Crinum_powellii	SRR24324996	100
Crinum_powellii_SRR24324997	235691826	0	77139186	158552640	0	235691826	0	77139186	77139186	77139186	0	Crinum_powellii	SRR24324997	100
Crinum_powellii_SRR24324998	311751108	0	102547070	209204038	0	311751108	0	102547070	102547070	102547070	0	Crinum_powellii	SRR24324998	100
Crinum_powellii_SRR24324999	222769710	0	72766220	150003490	0	222769710	0	72766220	72766220	72766220	0	Crinum_powellii	SRR24324999	100
Crinum_powellii_SRR24325000	390786130	0	123810512	266975618	0	390786130	0	123810512	123810512	123810512	0	Crinum_powellii	SRR24325000	100
Crinum_powellii_SRR24325001	294427962	0	98372428	196055534	0	294427962	0	98372428	98372428	98372428	0	Crinum_powellii	SRR24325001	100
Crinum_powellii_SRR24325002	468982584	0	146340980	322641604	0	468982584	0	146340980	146340980	146340980	0	Crinum_powellii	SRR24325002	100
Crinum_powellii_SRR24325003	400196338	0	128964632	271231706	0	400196338	0	128964632	128964632	128964632	0	Crinum_powellii	SRR24325003	100
Crinum_powellii_SRR24325004	449043026	0	147181436	301861590	0	449043026	0	147181436	147181436	147181436	0	Crinum_powellii	SRR24325004	100
Crinum_powellii_SRR24325005	204359674	0	66287806	138071868	0	204359674	0	66287806	66287806	66287806	0	Crinum_powellii	SRR24325005	100
Crinum_powellii_SRR24325006	457374340	0	148449336	308925004	0	457374340	0	148449336	148449336	148449336	0	Crinum_powellii	SRR24325006	100
Crinum_powellii_SRR24325007	368442908	0	118929924	249512984	0	368442908	0	118929924	118929924	118929924	0	Crinum_powellii	SRR24325007	100
Crinum_powellii_SRR24325008	372907476	0	123258372	249649104	0	372907476	0	123258372	123258372	123258372	0	Crinum_powellii	SRR24325008	100
Crinum_powellii_SRR24325009	403336762	0	129030862	274305900	0	403336762	0	129030862	129030862	129030862	0	Crinum_powellii	SRR24325009	100
Crinum_powellii_SRR24325010	337750280	0	111841180	225909100	0	337750280	0	111841180	111841180	111841180	0	Crinum_powellii	SRR24325010	100
Crinum_powellii_SRR24325011	284747996	0	92091010	192656986	0	284747996	0	92091010	92091010	92091010	0	Crinum_powellii	SRR24325011	100
Crinum_powellii_SRR24325012	311915158	0	103790934	208124224	0	311915158	0	103790934	103790934	103790934	0	Crinum_powellii	SRR24325012	100
Crinum_powellii_SRR24325013	179499282	0	61308078	118191204	0	179499282	0	61308078	61308078	61308078	0	Crinum_powellii	SRR24325013	100
Galanthus_elwesii_SRR3038322	70220768	0	25834686	44386082	0	70220768	0	25834686	25834686	25834686	0	Galanthus_elwesii	SRR3038322	100
Galanthus_elwesii_SRR3038644	204789034	0	77420018	127369016	0	204789034	0	77420018	77420018	77420018	0	Galanthus_elwesii	SRR3038644	100
Galanthus_elwesii_SRR3040052	45768646	0	16853588	28915058	0	45768646	0	16853588	16853588	16853588	0	Galanthus_elwesii	SRR3040052	100
Galanthus_sp_SRR3048038	57931644	0	29734798	28196846	0	57931644	0	29734798	29734798	29734798	0	Galanthus_sp	SRR3048038	100
Galanthus_sp_SRR3048277	82642922	0	42921354	39721568	0	82642922	0	42921354	42921354	42921354	0	Galanthus_sp	SRR3048277	100
Galanthus_sp_SRR3048278	50537212	0	26055204	24482008	0	50537212	0	26055204	26055204	26055204	0	Galanthus_sp	SRR3048278	100
Hippeastrum_sp_SRR11189376	113753644	0	55531310	58222334	0	113753644	0	55531310	55531310	55531310	0	Hippeastrum_sp	SRR11189376	100
Hippeastrum_sp_SRR11189377	100804426	0	49697646	51106780	0	100804426	0	49697646	49697646	49697646	0	Hippeastrum_sp	SRR11189377	100
Hippeastrum_sp_SRR11189378	99131014	0	39439184	59691830	0	99131014	0	39439184	39439184	39439184	0	Hippeastrum_sp	SRR11189378	100
Hippeastrum_sp_SRR11189379	118656226	0	42101632	76554594	0	118656226	0	42101632	42101632	42101632	0	Hippeastrum_sp	SRR11189379	100
Hippeastrum_sp_SRR11189380	108813556	0	40046880	68766676	0	108813556	0	40046880	40046880	40046880	0	Hippeastrum_sp	SRR11189380	100
Hippeastrum_sp_SRR11189381	99625900	0	40335546	59290354	0	99625900	0	40335546	40335546	40335546	0	Hippeastrum_sp	SRR11189381	100
Hippeastrum_sp_SRR11189382	119564404	0	43254648	76309756	0	119564404	0	43254648	43254648	43254648	0	Hippeastrum_sp	SRR11189382	100
Hippeastrum_sp_SRR11189383	118892108	0	42445396	76446712	0	118892108	0	42445396	42445396	42445396	0	Hippeastrum_sp	SRR11189383	100
Hippeastrum_sp_SRR11189384	101319754	0	39791352	61528402	0	101319754	0	39791352	39791352	39791352	0	Hippeastrum_sp	SRR11189384	100
Hippeastrum_sp_SRR23857888	89901344	0	39117228	50784116	0	89901344	0	39117228	39117228	39117228	0	Hippeastrum_sp	SRR23857888	100
Hippeastrum_sp_SRR23857889	73866556	0	33312892	40553664	0	73866556	0	33312892	33312892	33312892	0	Hippeastrum_sp	SRR23857889	100
Hippeastrum_sp_SRR23857890	82618140	0	37528500	45089640	0	82618140	0	37528500	37528500	37528500	0	Hippeastrum_sp	SRR23857890	100
Hippeastrum_sp_SRR23857891	76029498	0	34276478	41753020	0	76029498	0	34276478	34276478	34276478	0	Hippeastrum_sp	SRR23857891	100
Hippeastrum_sp_SRR23857892	75000236	0	33852488	41147748	0	75000236	0	33852488	33852488	33852488	0	Hippeastrum_sp	SRR23857892	100
Hippeastrum_sp_SRR23857893	73503324	0	33544492	39958832	0	73503324	0	33544492	33544492	33544492	0	Hippeastrum_sp	SRR23857893	100
Hippeastrum_sp_SRR23857894	77219128	0	34669000	42550128	0	77219128	0	34669000	34669000	34669000	0	Hippeastrum_sp	SRR23857894	100
Hippeastrum_sp_SRR23857895	84887334	0	37725184	47162150	0	84887334	0	37725184	37725184	37725184	0	Hippeastrum_sp	SRR23857895	100
Hippeastrum_sp_SRR23857896	86331714	0	37754270	48577444	0	86331714	0	37754270	37754270	37754270	0	Hippeastrum_sp	SRR23857896	100
Hippeastrum_sp_SRR23857897	87765252	0	38892926	48872326	0	87765252	0	38892926	38892926	38892926	0	Hippeastrum_sp	SRR23857897	100
Hippeastrum_sp_SRR23857898	79272970	0	34970870	44302100	0	79272970	0	34970870	34970870	34970870	0	Hippeastrum_sp	SRR23857898	100
Hippeastrum_sp_SRR23857899	92230000	0	42200446	50029554	0	92230000	0	42200446	42200446	42200446	0	Hippeastrum_sp	SRR23857899	100
Hippeastrum_sp_SRR3547250	122326190	0	45790500	76535690	0	122326190	0	45790500	45790500	45790500	0	Hippeastrum_sp	SRR3547250	100
Hippeastrum_striatum_SRR29002422	29497878	0	29497878	0	0	29497878	0	29497878	29497878	29497878	0	Hippeastrum_striatum	SRR29002422	100
Hippeastrum_striatum_SRR29002423	11153248	0	11153248	0	0	11153248	0	11153248	11153248	11153248	0	Hippeastrum_striatum	SRR29002423	100
Hippeastrum_vittatum_SRR20646616	28623240	0	28623240	0	0	28623240	0	28623240	28623240	28623240	0	Hippeastrum_vittatum	SRR20646616	100
Hippeastrum_vittatum_SRR20646617	30946908	0	30946908	0	0	30946908	0	30946908	30946908	30946908	0	Hippeastrum_vittatum	SRR20646617	100
Hippeastrum_vittatum_SRR20646618	27080336	0	27080336	0	0	27080336	0	27080336	27080336	27080336	0	Hippeastrum_vittatum	SRR20646618	100
Hippeastrum_vittatum_SRR20646619	25459466	0	25459466	0	0	25459466	0	25459466	25459466	25459466	0	Hippeastrum_vittatum	SRR20646619	100
Hippeastrum_vittatum_SRR20646620	29895396	0	29895396	0	0	29895396	0	29895396	29895396	29895396	0	Hippeastrum_vittatum	SRR20646620	100
Hippeastrum_vittatum_SRR20646621	25978984	0	25978984	0	0	25978984	0	25978984	25978984	25978984	0	Hippeastrum_vittatum	SRR20646621	100
Hippeastrum_vittatum_SRR20646622	27668384	0	27668384	0	0	27668384	0	27668384	27668384	27668384	0	Hippeastrum_vittatum	SRR20646622	100
Hippeastrum_vittatum_SRR20646623	33228088	0	33228088	0	0	33228088	0	33228088	33228088	33228088	0	Hippeastrum_vittatum	SRR20646623	100
Hippeastrum_vittatum_SRR20646624	32254502	0	32254502	0	0	32254502	0	32254502	32254502	32254502	0	Hippeastrum_vittatum	SRR20646624	100
Hippeastrum_vittatum_SRR20646625	30123360	0	30123360	0	0	30123360	0	30123360	30123360	30123360	0	Hippeastrum_vittatum	SRR20646625	100
Hippeastrum_vittatum_SRR20646626	26642222	0	26642222	0	0	26642222	0	26642222	26642222	26642222	0	Hippeastrum_vittatum	SRR20646626	100
Hippeastrum_vittatum_SRR20646627	30988676	0	30988676	0	0	30988676	0	30988676	30988676	30988676	0	Hippeastrum_vittatum	SRR20646627	100
Leucojum_aestivum_SRR14196981	199092436	0	199092436	0	0	199092436	0	199092436	199092436	199092436	0	Leucojum_aestivum	SRR14196981	100
Lycoris_aurea_PB_SRR27586333	432904738	0	37956080	394948658	0	432904738	0	37956080	37956080	37956080	0	Lycoris_aurea_PB	SRR27586333	100
Lycoris_aurea_PB_SRR27586334	459577620	0	38592230	420985390	0	459577620	0	38592230	38592230	38592230	0	Lycoris_aurea_PB	SRR27586334	100
Lycoris_aurea_PB_SRR27586335	441875826	0	37764632	404111194	0	441875826	0	37764632	37764632	37764632	0	Lycoris_aurea_PB	SRR27586335	100
Lycoris_aurea_PB_SRR27586336	446868264	0	36617882	410250382	0	446868264	0	36617882	36617882	36617882	0	Lycoris_aurea_PB	SRR27586336	100
Lycoris_aurea_PB_SRR27586337	454546278	0	38105492	416440786	0	454546278	0	38105492	38105492	38105492	0	Lycoris_aurea_PB	SRR27586337	100
Lycoris_aurea_PB_SRR27586338	455904048	0	39557926	416346122	0	455904048	0	39557926	39557926	39557926	0	Lycoris_aurea_PB	SRR27586338	100
Lycoris_aurea_PB_SRR27586339	441869598	0	37263794	404605804	0	441869598	0	37263794	37263794	37263794	0	Lycoris_aurea_PB	SRR27586339	100
Lycoris_aurea_PB_SRR27586340	480451540	0	37826416	442625124	0	480451540	0	37826416	37826416	37826416	0	Lycoris_aurea_PB	SRR27586340	100
Lycoris_aurea_PB_SRR27586341	456594136	0	38905516	417688620	0	456594136	0	38905516	38905516	38905516	0	Lycoris_aurea_PB	SRR27586341	100
Lycoris_aurea_PB_SRR27586342	490624288	0	39007034	451617254	0	490624288	0	39007034	39007034	39007034	0	Lycoris_aurea_PB	SRR27586342	100
Lycoris_aurea_PB_SRR27586343	451655160	0	38970466	412684694	0	451655160	0	38970466	38970466	38970466	0	Lycoris_aurea_PB	SRR27586343	100
Lycoris_aurea_PB_SRR27586344	465175480	0	39419064	425756416	0	465175480	0	39419064	39419064	39419064	0	Lycoris_aurea_PB	SRR27586344	100
Lycoris_aurea_PB_SRR27586345	465236374	0	39639870	425596504	0	465236374	0	39639870	39639870	39639870	0	Lycoris_aurea_PB	SRR27586345	100
Lycoris_aurea_PB_SRR27586346	449339534	0	38853510	410486024	0	449339534	0	38853510	38853510	38853510	0	Lycoris_aurea_PB	SRR27586346	100
Lycoris_aurea_PB_SRR27586347	432833024	0	37317958	395515066	0	432833024	0	37317958	37317958	37317958	0	Lycoris_aurea_PB	SRR27586347	100
Lycoris_aurea_PB_SRR27586348	463405606	0	39257980	424147626	0	463405606	0	39257980	39257980	39257980	0	Lycoris_aurea_PB	SRR27586348	100
Lycoris_aurea_PB_SRR27586349	447715748	0	39542366	408173382	0	447715748	0	39542366	39542366	39542366	0	Lycoris_aurea_PB	SRR27586349	100
Lycoris_aurea_PB_SRR27586350	432639244	0	39382378	393256866	0	432639244	0	39382378	39382378	39382378	0	Lycoris_aurea_PB	SRR27586350	100
Lycoris_aurea_PB_SRR27586351	444373390	0	39708138	404665252	0	444373390	0	39708138	39708138	39708138	0	Lycoris_aurea_PB	SRR27586351	100
Lycoris_aurea_PB_SRR27586352	422085394	0	37600052	384485342	0	422085394	0	37600052	37600052	37600052	0	Lycoris_aurea_PB	SRR27586352	100
Lycoris_aurea_PB_SRR27586353	444531540	0	37127358	407404182	0	444531540	0	37127358	37127358	37127358	0	Lycoris_aurea_PB	SRR27586353	100
Lycoris_aurea_PB_SRR27586354	425864378	0	37180128	388684250	0	425864378	0	37180128	37180128	37180128	0	Lycoris_aurea_PB	SRR27586354	100
Lycoris_aurea_TH_SRR11947114	121579172	0	35689190	85889982	0	121579172	0	35689190	35689190	35689190	0	Lycoris_aurea_TH	SRR11947114	100
Lycoris_aurea_TH_SRR27586333	103118190	0	39975584	63142606	0	103118190	0	39975584	39975584	39975584	0	Lycoris_aurea_TH	SRR27586333	100
Lycoris_aurea_TH_SRR27586334	108081688	0	40655542	67426146	0	108081688	0	40655542	40655542	40655542	0	Lycoris_aurea_TH	SRR27586334	100
Lycoris_aurea_TH_SRR27586335	106124118	0	40024372	66099746	0	106124118	0	40024372	40024372	40024372	0	Lycoris_aurea_TH	SRR27586335	100
Lycoris_aurea_TH_SRR27586336	102665288	0	38978038	63687250	0	102665288	0	38978038	38978038	38978038	0	Lycoris_aurea_TH	SRR27586336	100
Lycoris_aurea_TH_SRR27586337	111848272	0	40913232	70935040	0	111848272	0	40913232	40913232	40913232	0	Lycoris_aurea_TH	SRR27586337	100
Lycoris_aurea_TH_SRR27586338	113875222	0	41324668	72550554	0	113875222	0	41324668	41324668	41324668	0	Lycoris_aurea_TH	SRR27586338	100
Lycoris_aurea_TH_SRR27586339	102268180	0	39313698	62954482	0	102268180	0	39313698	39313698	39313698	0	Lycoris_aurea_TH	SRR27586339	100
Lycoris_aurea_TH_SRR27586340	102967596	0	39051822	63915774	0	102967596	0	39051822	39051822	39051822	0	Lycoris_aurea_TH	SRR27586340	100
Lycoris_aurea_TH_SRR27586341	99229222	0	39305880	59923342	0	99229222	0	39305880	39305880	39305880	0	Lycoris_aurea_TH	SRR27586341	100
Lycoris_aurea_TH_SRR27586342	106841602	0	39717508	67124094	0	106841602	0	39717508	39717508	39717508	0	Lycoris_aurea_TH	SRR27586342	100
Lycoris_aurea_TH_SRR27586343	98181116	0	39158298	59022818	0	98181116	0	39158298	39158298	39158298	0	Lycoris_aurea_TH	SRR27586343	100
Lycoris_aurea_TH_SRR27586344	100509336	0	39751518	60757818	0	100509336	0	39751518	39751518	39751518	0	Lycoris_aurea_TH	SRR27586344	100
Lycoris_aurea_TH_SRR27586345	102089654	0	40379878	61709776	0	102089654	0	40379878	40379878	40379878	0	Lycoris_aurea_TH	SRR27586345	100
Lycoris_aurea_TH_SRR27586346	103767270	0	39955146	63812124	0	103767270	0	39955146	39955146	39955146	0	Lycoris_aurea_TH	SRR27586346	100
Lycoris_aurea_TH_SRR27586347	102416170	0	39794202	62621968	0	102416170	0	39794202	39794202	39794202	0	Lycoris_aurea_TH	SRR27586347	100
Lycoris_aurea_TH_SRR27586348	103000704	0	40351448	62649256	0	103000704	0	40351448	40351448	40351448	0	Lycoris_aurea_TH	SRR27586348	100
Lycoris_aurea_TH_SRR27586349	103758492	0	40786110	62972382	0	103758492	0	40786110	40786110	40786110	0	Lycoris_aurea_TH	SRR27586349	100
Lycoris_aurea_TH_SRR27586350	104973896	0	40761124	64212772	0	104973896	0	40761124	40761124	40761124	0	Lycoris_aurea_TH	SRR27586350	100
Lycoris_aurea_TH_SRR27586351	104923136	0	41035312	63887824	0	104923136	0	41035312	41035312	41035312	0	Lycoris_aurea_TH	SRR27586351	100
Lycoris_aurea_TH_SRR27586352	102716628	0	39020490	63696138	0	102716628	0	39020490	39020490	39020490	0	Lycoris_aurea_TH	SRR27586352	100
Lycoris_aurea_TH_SRR27586353	99119394	0	38777250	60342144	0	99119394	0	38777250	38777250	38777250	0	Lycoris_aurea_TH	SRR27586353	100
Lycoris_aurea_TH_SRR27586354	103004680	0	39414780	63589900	0	103004680	0	39414780	39414780	39414780	0	Lycoris_aurea_TH	SRR27586354	100
Lycoris_aurea_TH_SRR27586355	103800734	0	39734080	64066654	0	103800734	0	39734080	39734080	39734080	0	Lycoris_aurea_TH	SRR27586355	100
Lycoris_aurea_TH_SRR27586356	103809536	0	40259798	63549738	0	103809536	0	40259798	40259798	40259798	0	Lycoris_aurea_TH	SRR27586356	100
Lycoris_aurea_TH_SRR27586357	104222968	0	40420006	63802962	0	104222968	0	40420006	40420006	40420006	0	Lycoris_aurea_TH	SRR27586357	100
Lycoris_aurea_TH_SRR27586358	105290414	0	40502890	64787524	0	105290414	0	40502890	40502890	40502890	0	Lycoris_aurea_TH	SRR27586358	100
Lycoris_aurea_TH_SRR27586359	106104758	0	39667814	66436944	0	106104758	0	39667814	39667814	39667814	0	Lycoris_aurea_TH	SRR27586359	100
Lycoris_aurea_TH_SRR28703219	106899706	0	39343998	67555708	0	106899706	0	39343998	39343998	39343998	0	Lycoris_aurea_TH	SRR28703219	100
Lycoris_aurea_TH_SRR28703220	101915556	0	38227374	63688182	0	101915556	0	38227374	38227374	38227374	0	Lycoris_aurea_TH	SRR28703220	100
Lycoris_aurea_TH_SRR28703221	113714652	0	41382190	72332462	0	113714652	0	41382190	41382190	41382190	0	Lycoris_aurea_TH	SRR28703221	100
Lycoris_aurea_TH_SRR28703222	104312048	0	37864218	66447830	0	104312048	0	37864218	37864218	37864218	0	Lycoris_aurea_TH	SRR28703222	100
Lycoris_aurea_TH_SRR28856988	94944798	0	42694054	52250744	0	94944798	0	42694054	42694054	42694054	0	Lycoris_aurea_TH	SRR28856988	100
Lycoris_aurea_TH_SRR28856989	91825938	0	38828892	52997046	0	91825938	0	38828892	38828892	38828892	0	Lycoris_aurea_TH	SRR28856989	100
Lycoris_aurea_TH_SRR28856990	108571244	0	48642560	59928684	0	108571244	0	48642560	48642560	48642560	0	Lycoris_aurea_TH	SRR28856990	100
Lycoris_aurea_TH_SRR28856991	97245758	0	43207616	54038142	0	97245758	0	43207616	43207616	43207616	0	Lycoris_aurea_TH	SRR28856991	100
Lycoris_aurea_TH_SRR28856992	86096952	0	37320774	48776178	0	86096952	0	37320774	37320774	37320774	0	Lycoris_aurea_TH	SRR28856992	100
Lycoris_aurea_TH_SRR28856993	71386516	0	31248448	40138068	0	71386516	0	31248448	31248448	31248448	0	Lycoris_aurea_TH	SRR28856993	100
Lycoris_aurea_TH_SRR28856994	87585986	0	38588638	48997348	0	87585986	0	38588638	38588638	38588638	0	Lycoris_aurea_TH	SRR28856994	100
Lycoris_aurea_TH_SRR28856995	115108264	0	48024800	67083464	0	115108264	0	48024800	48024800	48024800	0	Lycoris_aurea_TH	SRR28856995	100
Lycoris_aurea_TH_SRR28856996	132448232	0	54796062	77652170	0	132448232	0	54796062	54796062	54796062	0	Lycoris_aurea_TH	SRR28856996	100
Lycoris_aurea_TH_SRR28856997	101539090	0	42161242	59377848	0	101539090	0	42161242	42161242	42161242	0	Lycoris_aurea_TH	SRR28856997	100
Lycoris_aurea_TH_SRR28856998	99990604	0	43471154	56519450	0	99990604	0	43471154	43471154	43471154	0	Lycoris_aurea_TH	SRR28856998	100
Lycoris_aurea_TH_SRR28856999	95314072	0	42590930	52723142	0	95314072	0	42590930	42590930	42590930	0	Lycoris_aurea_TH	SRR28856999	100
Lycoris_aurea_TH_SRR28857000	97768480	0	42693248	55075232	0	97768480	0	42693248	42693248	42693248	0	Lycoris_aurea_TH	SRR28857000	100
Lycoris_aurea_TH_SRR28857001	91312604	0	39637484	51675120	0	91312604	0	39637484	39637484	39637484	0	Lycoris_aurea_TH	SRR28857001	100
Lycoris_aurea_TH_SRR28857002	95718076	0	41975386	53742690	0	95718076	0	41975386	41975386	41975386	0	Lycoris_aurea_TH	SRR28857002	100
Lycoris_aurea_TH_SRR28857003	93363392	0	39873322	53490070	0	93363392	0	39873322	39873322	39873322	0	Lycoris_aurea_TH	SRR28857003	100
Lycoris_aurea_TH_SRR28857004	81140872	0	36645740	44495132	0	81140872	0	36645740	36645740	36645740	0	Lycoris_aurea_TH	SRR28857004	100
Lycoris_aurea_TH_SRR28857005	84075702	0	36118374	47957328	0	84075702	0	36118374	36118374	36118374	0	Lycoris_aurea_TH	SRR28857005	100
Lycoris_aurea_TH_SRR28857006	97277102	0	41672896	55604206	0	97277102	0	41672896	41672896	41672896	0	Lycoris_aurea_TH	SRR28857006	100
Lycoris_aurea_TH_SRR28857007	81229756	0	36212358	45017398	0	81229756	0	36212358	36212358	36212358	0	Lycoris_aurea_TH	SRR28857007	100
Lycoris_aurea_TH_SRR28857008	96257016	0	42409760	53847256	0	96257016	0	42409760	42409760	42409760	0	Lycoris_aurea_TH	SRR28857008	100
Lycoris_aurea_TH_SRR28857009	88759934	0	37303560	51456374	0	88759934	0	37303560	37303560	37303560	0	Lycoris_aurea_TH	SRR28857009	100
Lycoris_aurea_TH_SRR28857010	82452740	0	36792684	45660056	0	82452740	0	36792684	36792684	36792684	0	Lycoris_aurea_TH	SRR28857010	100
Lycoris_aurea_TH_SRR28857011	109590096	0	47343302	62246794	0	109590096	0	47343302	47343302	47343302	0	Lycoris_aurea_TH	SRR28857011	100
Lycoris_aurea_TH_SRR28857012	95998516	0	42336248	53662268	0	95998516	0	42336248	42336248	42336248	0	Lycoris_aurea_TH	SRR28857012	100
Lycoris_aurea_TH_SRR28857013	98116812	0	42896662	55220150	0	98116812	0	42896662	42896662	42896662	0	Lycoris_aurea_TH	SRR28857013	100
Lycoris_aurea_TH_SRR28857014	101063152	0	43093258	57969894	0	101063152	0	43093258	43093258	43093258	0	Lycoris_aurea_TH	SRR28857014	100
Lycoris_aurea_TH_SRR29002421	149316840	0	48828740	100488100	0	149316840	0	48828740	48828740	48828740	0	Lycoris_aurea_TH	SRR29002421	100
Lycoris_chinensis_SRR11929908	456390644	0	34220146	422170498	0	456390644	0	34220146	34220146	34220146	0	Lycoris_chinensis	SRR11929908	100
Lycoris_chinensis_SRR19578267	84054090	0	37047184	47006906	0	84054090	0	37047184	37047184	37047184	0	Lycoris_chinensis	SRR19578267	100
Lycoris_chinensis_SRR19578268	88489610	0	39554602	48935008	0	88489610	0	39554602	39554602	39554602	0	Lycoris_chinensis	SRR19578268	100
Lycoris_chinensis_SRR19578269	72451560	0	32485818	39965742	0	72451560	0	32485818	32485818	32485818	0	Lycoris_chinensis	SRR19578269	100
Lycoris_chinensis_SRR19578270	83159894	0	37664208	45495686	0	83159894	0	37664208	37664208	37664208	0	Lycoris_chinensis	SRR19578270	100
Lycoris_chinensis_SRR19578271	83215544	0	35359596	47855948	0	83215544	0	35359596	35359596	35359596	0	Lycoris_chinensis	SRR19578271	100
Lycoris_chinensis_SRR19578272	76550814	0	36357262	40193552	0	76550814	0	36357262	36357262	36357262	0	Lycoris_chinensis	SRR19578272	100
Lycoris_chinensis_SRR19578273	74220504	0	35321938	38898566	0	74220504	0	35321938	35321938	35321938	0	Lycoris_chinensis	SRR19578273	100
Lycoris_chinensis_SRR19578274	83014488	0	38259504	44754984	0	83014488	0	38259504	38259504	38259504	0	Lycoris_chinensis	SRR19578274	100
Lycoris_chinensis_SRR19578275	78453662	0	35779650	42674012	0	78453662	0	35779650	35779650	35779650	0	Lycoris_chinensis	SRR19578275	100
Lycoris_chinensis_SRR19578276	83728440	0	35904314	47824126	0	83728440	0	35904314	35904314	35904314	0	Lycoris_chinensis	SRR19578276	100
Lycoris_chinensis_SRR19578277	88213974	0	37588564	50625410	0	88213974	0	37588564	37588564	37588564	0	Lycoris_chinensis	SRR19578277	100
Lycoris_chinensis_SRR19578278	79428510	0	36738238	42690272	0	79428510	0	36738238	36738238	36738238	0	Lycoris_chinensis	SRR19578278	100
Lycoris_chinensis_SRR19578279	86109604	0	39353206	46756398	0	86109604	0	39353206	39353206	39353206	0	Lycoris_chinensis	SRR19578279	100
Lycoris_chinensis_SRR19578280	85088288	0	38437928	46650360	0	85088288	0	38437928	38437928	38437928	0	Lycoris_chinensis	SRR19578280	100
Lycoris_chinensis_SRR19578281	84318752	0	37447512	46871240	0	84318752	0	37447512	37447512	37447512	0	Lycoris_chinensis	SRR19578281	100
Lycoris_incarnata_SRR12009466	19867986	0	19867986	0	0	19867986	0	19867986	19867986	19867986	0	Lycoris_incarnata	SRR12009466	100
Lycoris_sprengeri_SRR11929552	110157680	0	40616504	69541176	0	110157680	0	40616504	40616504	40616504	0	Lycoris_sprengeri	SRR11929552	100
Lycoris_sprengeri_SRR13966059	84013972	0	34951954	49062018	0	84013972	0	34951954	34951954	34951954	0	Lycoris_sprengeri	SRR13966059	100
Lycoris_sprengeri_SRR13966060	87922950	0	36585618	51337332	0	87922950	0	36585618	36585618	36585618	0	Lycoris_sprengeri	SRR13966060	100
Lycoris_sprengeri_SRR13966061	86307464	0	35892786	50414678	0	86307464	0	35892786	35892786	35892786	0	Lycoris_sprengeri	SRR13966061	100
Lycoris_sprengeri_SRR13966062	106080414	0	44492312	61588102	0	106080414	0	44492312	44492312	44492312	0	Lycoris_sprengeri	SRR13966062	100
Lycoris_sprengeri_SRR13966063	110934136	0	47009738	63924398	0	110934136	0	47009738	47009738	47009738	0	Lycoris_sprengeri	SRR13966063	100
Lycoris_sprengeri_SRR13966064	127944156	0	51270402	76673754	0	127944156	0	51270402	51270402	51270402	0	Lycoris_sprengeri	SRR13966064	100
Narcissus_aff_pseudonarcissus_SRR2988777	51827410	0	29776906	22050504	0	51827410	0	29776906	29776906	29776906	0	Narcissus_aff_pseudonarcissus	SRR2988777	100
Narcissus_aff_pseudonarcissus_SRR3029584	70922418	0	38055202	32867216	0	70922418	0	38055202	38055202	38055202	0	Narcissus_aff_pseudonarcissus	SRR3029584	100
Narcissus_aff_pseudonarcissus_SRR3029659	33942130	0	20268064	13674066	0	33942130	0	20268064	20268064	20268064	0	Narcissus_aff_pseudonarcissus	SRR3029659	100
Narcissus_papyraceus_SRR6041662	150319940	0	150319940	0	0	150319940	0	150319940	150319940	150319940	0	Narcissus_papyraceus	SRR6041662	100
Narcissus_pseudonarcissus_SRR5788585	294006486	0	124332192	169674294	0	294006486	0	124332192	124332192	124332192	0	Narcissus_pseudonarcissus	SRR5788585	100
Narcissus_pseudonarcissus_SRR8115248	147806464	0	54671714	93134750	0	147806464	0	54671714	54671714	54671714	0	Narcissus_pseudonarcissus	SRR8115248	100
Narcissus_pseudonarcissus_SRR8115249	113124802	0	41792790	71332012	0	113124802	0	41792790	41792790	41792790	0	Narcissus_pseudonarcissus	SRR8115249	100
Narcissus_pseudonarcissus_SRR8115250	111580192	0	41182358	70397834	0	111580192	0	41182358	41182358	41182358	0	Narcissus_pseudonarcissus	SRR8115250	100
Narcissus_pseudonarcissus_SRR8115251	163062468	0	56604440	106458028	0	163062468	0	56604440	56604440	56604440	0	Narcissus_pseudonarcissus	SRR8115251	100
Narcissus_pseudonarcissus_SRR8115252	105563860	0	40166232	65397628	0	105563860	0	40166232	40166232	40166232	0	Narcissus_pseudonarcissus	SRR8115252	100
Narcissus_pseudonarcissus_SRR8115253	89614232	0	35584462	54029770	0	89614232	0	35584462	35584462	35584462	0	Narcissus_pseudonarcissus	SRR8115253	100
Narcissus_pseudonarcissus_SRR8115254	114575776	0	42105150	72470626	0	114575776	0	42105150	42105150	42105150	0	Narcissus_pseudonarcissus	SRR8115254	100
Narcissus_pseudonarcissus_SRR8115255	111779900	0	38736930	73042970	0	111779900	0	38736930	38736930	38736930	0	Narcissus_pseudonarcissus	SRR8115255	100
Narcissus_sp_SRR27366443	178915690	0	41050012	137865678	0	178915690	0	41050012	41050012	41050012	0	Narcissus_sp	SRR27366443	100
Narcissus_sp_SRR27366444	183471732	0	39219566	144252166	0	183471732	0	39219566	39219566	39219566	0	Narcissus_sp	SRR27366444	100
Narcissus_sp_SRR27366445	182184562	0	34587882	147596680	0	182184562	0	34587882	34587882	34587882	0	Narcissus_sp	SRR27366445	100
Narcissus_sp_SRR27366446	174541092	0	34448900	140092192	0	174541092	0	34448900	34448900	34448900	0	Narcissus_sp	SRR27366446	100
Narcissus_sp_SRR27366447	191077328	0	38854752	152222576	0	191077328	0	38854752	38854752	38854752	0	Narcissus_sp	SRR27366447	100
Narcissus_sp_SRR27366448	166535918	0	34025022	132510896	0	166535918	0	34025022	34025022	34025022	0	Narcissus_sp	SRR27366448	100
Narcissus_sp_SRR27366449	167302568	0	32758562	134544006	0	167302568	0	32758562	32758562	32758562	0	Narcissus_sp	SRR27366449	100
Narcissus_sp_SRR27366451	157008796	0	36832974	120175822	0	157008796	0	36832974	36832974	36832974	0	Narcissus_sp	SRR27366451	100
Narcissus_sp_SRR27366452	172106920	0	38126444	133980476	0	172106920	0	38126444	38126444	38126444	0	Narcissus_sp	SRR27366452	100
Narcissus_sp_SRR27366453	164656608	0	36741128	127915480	0	164656608	0	36741128	36741128	36741128	0	Narcissus_sp	SRR27366453	100
Narcissus_sp_SRR27366454	171422776	0	35644530	135778246	0	171422776	0	35644530	35644530	35644530	0	Narcissus_sp	SRR27366454	100
Narcissus_sp_SRR27366455	148523600	0	36122242	112401358	0	148523600	0	36122242	36122242	36122242	0	Narcissus_sp	SRR27366455	100
Narcissus_sp_SRR27366456	188783672	0	43141986	145641686	0	188783672	0	43141986	43141986	43141986	0	Narcissus_sp	SRR27366456	100
Narcissus_sp_SRR27366457	151817728	0	35129712	116688016	0	151817728	0	35129712	35129712	35129712	0	Narcissus_sp	SRR27366457	100
Narcissus_sp_SRR27366458	193193282	0	39840264	153353018	0	193193282	0	39840264	39840264	39840264	0	Narcissus_sp	SRR27366458	100
Narcissus_sp_SRR27366459	160771626	0	32790850	127980776	0	160771626	0	32790850	32790850	32790850	0	Narcissus_sp	SRR27366459	100
Narcissus_sp_SRR27366460	179877114	0	36903482	142973632	0	179877114	0	36903482	36903482	36903482	0	Narcissus_sp	SRR27366460	100
Narcissus_sp_SRR27366461	178520844	0	34780736	143740108	0	178520844	0	34780736	34780736	34780736	0	Narcissus_sp	SRR27366461	100
Narcissus_sp_SRR27366462	176197010	0	34830718	141366292	0	176197010	0	34830718	34830718	34830718	0	Narcissus_sp	SRR27366462	100
Narcissus_sp_SRR27366463	190788162	0	39000588	151787574	0	190788162	0	39000588	39000588	39000588	0	Narcissus_sp	SRR27366463	100
Narcissus_sp_SRR27366464	199261964	0	39436054	159825910	0	199261964	0	39436054	39436054	39436054	0	Narcissus_sp	SRR27366464	100
Narcissus_sp_SRR27366465	181530746	0	41525734	140005012	0	181530746	0	41525734	41525734	41525734	0	Narcissus_sp	SRR27366465	100
Narcissus_sp_SRR27366466	183304592	0	40797988	142506604	0	183304592	0	40797988	40797988	40797988	0	Narcissus_sp	SRR27366466	100
Narcissus_sp_SRR27366467	166023122	0	36563440	129459682	0	166023122	0	36563440	36563440	36563440	0	Narcissus_sp	SRR27366467	100
Narcissus_sp_SRR27366468	150588498	0	34273436	116315062	0	150588498	0	34273436	34273436	34273436	0	Narcissus_sp	SRR27366468	100
Narcissus_sp_SRR27366469	181587646	0	39561946	142025700	0	181587646	0	39561946	39561946	39561946	0	Narcissus_sp	SRR27366469	100
Narcissus_sp_SRR27366470	191229410	0	36827004	154402406	0	191229410	0	36827004	36827004	36827004	0	Narcissus_sp	SRR27366470	100
Narcissus_sp_SRR27366471	180745784	0	35688664	145057120	0	180745784	0	35688664	35688664	35688664	0	Narcissus_sp	SRR27366471	100
Narcissus_viridiflorus_ERR2040724	22093336	0	18146470	3946866	0	22093336	0	18146470	18146470	18146470	0	Narcissus_viridiflorus	ERR2040724	100
Narcissus_viridiflorus_ERR2040725	19631876	0	15716070	3915806	0	19631876	0	15716070	15716070	15716070	0	Narcissus_viridiflorus	ERR2040725	100
Phycella_aff_cyrtanthoides_ERR3487375	37403534	0	23156042	14247492	0	37403534	0	23156042	23156042	23156042	0	Phycella_aff_cyrtanthoides	ERR3487375	100
Rhodophiala_pratensis_ERR2040726	21976780	0	16502898	5473882	0	21976780	0	16502898	16502898	16502898	0	Rhodophiala_pratensis	ERR2040726	100
Scadoxus_multiflorus_SRR29002424	118316508	0	48151576	70164932	0	118316508	0	48151576	48151576	48151576	0	Scadoxus_multiflorus	SRR29002424	100
Traubia_modesta_ERR2040727	14377070	0	12406452	1970618	0	14377070	0	12406452	12406452	12406452	0	Traubia_modesta	ERR2040727	100
Zephyranthes_candida_SRR17568759	166270712	0	60302568	105968144	0	166270712	0	60302568	60302568	60302568	0	Zephyranthes_candida	SRR17568759	100
Zephyranthes_candida_SRR28956809	193321014	0	52831912	140489102	0	193321014	0	52831912	52831912	52831912	0	Zephyranthes_candida	SRR28956809	100
Zephyranthes_candida_SRR28956810	202801988	0	64122088	138679900	0	202801988	0	64122088	64122088	64122088	0	Zephyranthes_candida	SRR28956810	100
Zephyranthes_candida_SRR28956811	178286728	0	52701372	125585356	0	178286728	0	52701372	52701372	52701372	0	Zephyranthes_candida	SRR28956811	100
Zephyranthes_candida_SRR29002416	111449388	0	42081676	69367712	0	111449388	0	42081676	42081676	42081676	0	Zephyranthes_candida	SRR29002416	100
Zephyranthes_carinata_SRR29002415	119435332	0	42402914	77032418	0	119435332	0	42402914	42402914	42402914	0	Zephyranthes_carinata	SRR29002415	100
Zephyranthes_treatiae_ERR2040728	11010696	0	8623990	2386706	0	11010696	0	8623990	8623990	8623990	0	Zephyranthes_treatiae	ERR2040728	100
