Amaryllis_belladonna	82269	82269	14052	14052
Clivia_miniata	360406	507016	57111	108244
Crinum_asiaticum	317414	448675	47491	97434
Crinum_powellii	764820	1079430	79101	151278
Galanthus_elwesii	33450	97789	17361	55675
Galanthus_sp	25461	50069	12247	24663
Hippeastrum_sp	587811	831240	98059	149464
Hippeastrum_striatum	251498	345179	34480	67796
Hippeastrum_vittatum	539634	770072	71060	121905
Leucojum_aestivum	130746	237169	30833	80262
Lycoris_aurea_PB	63487	63487	58219	58219
Lycoris_aurea_TH	308292	451344	44580	89039
Lycoris_chinensis	553372	754194	73011	112818
Lycoris_incarnata	119872	168810	27448	51273
Lycoris_longituba	653127	943471	113619	185916
Lycoris_radiata	1461347	2003744	151528	202669
Lycoris_sprengeri	304878	440497	55875	105420
Narcissus_aff_pseudonarcissus	106450	106450	38562	38562
Narcissus_papyraceus	80750	120702	25216	48682
Narcissus_pseudonarcissus	403910	403910	48869	98409
Narcissus_sp	90359	90359	75103	75103
Narcissus_tazetta	1199702	1609422	89951	126542
Narcissus_viridiflorus	191919	191919	30762	30762
Phycella_aff_cyrtanthoides	118739	118739	25991	25991
Rhodophiala_pratensis	112099	112099	26276	26276
Scadoxus_multiflorus	181746	232424	45487	76728
Traubia_modesta	79892	79892	15746	15746
Zephyranthes_candida	1625892	2285780	80209	134641
Zephyranthes_carinata	268204	343991	66320	112445
Zephyranthes_treatiae	150122	150122	24492	24492
